NAME ONE-SIZE ALL-SIZE WAYS TYPE        LEVEL  SETS PHY-LINE COHERENCY-SIZE
L1d       48K     640K   12 Data            1    64        1             64
L1i       32K     768K    8 Instruction     1    64        1             64
L2       1.3M      14M   10 Unified         2  2048        1             64
L3        30M      30M   12 Unified         3 40960        1             64

size TW naive_ms reord_ms tile_ms sp_vs_naive sp_vs_reord naive_MPKI reord_MPKI tile_MPKI
512    64        1.07     0.76     0.70    1.54    1.09    0.190    6.639    0.380
512    256       1.22     0.76     0.67    1.84    1.15    0.190    6.639    0.630
512    1024      1.25     0.76     0.61    2.04    1.25    0.190    6.639    0.599
1024   64        4.09     2.74     2.82    1.45    0.97    0.145    7.786    0.417
1024   256       4.08     2.74     2.56    1.60    1.07    0.145    7.786    0.598
1024   1024      3.52     2.74     2.41    1.46    1.14    0.145    7.786    0.737
2048   64       18.21    13.72    12.26    1.49    1.12    0.134    7.109    0.409
2048   256      16.68    13.72    10.63    1.57    1.29    0.134    7.109    0.633
2048   1024     16.77    13.72    10.10    1.66    1.36    0.134    7.109    0.977
4096   64       72.40    72.30    46.58    1.55    1.55    0.258    5.741    0.299
4096   256      68.10    72.30    46.66    1.46    1.55    0.258    5.741    0.539
4096   1024     67.42    72.30    41.82    1.61    1.73    0.258    5.741    0.868
8192   64      237.56   293.59   186.06    1.28    1.58    0.267    5.894    0.422
8192   256     285.11   293.59   184.51    1.55    1.59    0.267    5.894    0.694
8192   1024    258.96   293.59   175.79    1.47    1.67    0.267    5.894    1.010
