=== 1. MACHINE / L1-D CACHE SIZE ===
NAME ONE-SIZE ALL-SIZE WAYS TYPE        LEVEL  SETS PHY-LINE COHERENCY-SIZE
L1d       48K     640K   12 Data            1    64        1             64
L1i       32K     768K    8 Instruction     1    64        1             64
L2       1.3M      14M   10 Unified         2  2048        1             64
L3        30M      30M   12 Unified         3 40960        1             64
--- cpu0 L1d detail (level,type,size,ways,line) ---
1
Data
48K
12
64

=== 2. TILE SIZE SWEEP: time AND MPKI, 4096x4096 K=3 ===
TH    TW    tile_ms   MPKI
2     32       49.30    0.295
2     64       48.66    0.497
2     128      49.64    0.637
2     256      46.27    0.955
2     512      43.53    1.076
2     1024     43.21    1.059
2     2048     42.78    1.184
2     4096     44.74    5.779
4     32       50.30    0.318
4     64       46.66    0.463
4     128      50.09    0.471
4     256      46.33    0.677
4     512      44.21    0.848
4     1024     43.49    1.077
4     2048     44.89    5.445
4     4096     47.22    8.916
8     32       50.93    1.432
8     64       50.30    2.087
8     128      51.76    1.596
8     256      47.19    2.266
8     512      45.58    3.430
8     1024     45.05    5.601
8     2048     45.39    5.918
8     4096     47.05    8.404
16    32       58.63   18.162
16    64       53.35   14.346
16    128      53.25    6.134
16    256      48.78    6.198
16    512      46.48    6.072
16    1024     46.22    6.220
16    2048     46.50    6.538
16    4096     47.62    8.319
32    32       61.59   21.172
32    64       55.33   15.513
32    128      55.57    6.651
32    256      49.80    7.091
32    512      48.23    6.669
32    1024     47.31    6.591
32    2048     47.92    6.777
32    4096     49.56    8.163
64    32       63.22   21.519
64    64       56.39   15.538
64    128      55.89    7.130
64    256      51.73    7.514
64    512      49.87    6.781
64    1024     49.91    6.571
64    2048     50.15    6.460
64    4096     52.02    9.260
128   32       69.30   20.754
128   64       63.70   14.912
128   128      63.18    8.546
128   256      58.26    7.806
128   512      54.99    6.770
128   1024     52.93    6.731
128   2048     52.88    6.807
128   4096     53.10    9.278

=== 3. REPEATABILITY of top candidates (5 runs, 4096 K=3) ===
TH=2    TW=1024      45.81    44.57    44.41    45.14    44.40
TH=2    TW=2048      46.31    44.26    44.13    43.95    44.29
TH=4    TW=1024      46.36    44.69    44.11    44.38    44.95
TH=4    TW=2048      47.96    46.54    46.76    46.13    46.21

=== 4. MPKI + SPEEDUP vs MATRIX SIZE, for several tile sizes ===
--- K=3 ---
size  TH   TW    naive_ms reord_ms  tile_ms sp_naive sp_reord naive_MPKI reord_MPKI tile_MPKI
512   4    64        1.00     0.82     0.70     1.44     1.18      0.196      6.761     0.376
512   4    256       1.11     0.82     0.72     1.53     1.13      0.196      6.761     0.550
512   4    1024      1.06     0.82     0.67     1.60     1.23      0.196      6.761     0.594
512   16   512       1.24     0.82     0.65     1.91     1.27      0.196      6.761     5.536
512   32   128       1.12     0.82     0.76     1.48     1.09      0.196      6.761     6.407
1024  4    64        4.35     2.98     2.76     1.57     1.08      0.139      7.784     0.446
1024  4    256       4.22     2.98     2.71     1.56     1.10      0.139      7.784     0.619
1024  4    1024      4.40     2.98     2.47     1.78     1.20      0.139      7.784     0.743
1024  16   512       3.96     2.98     2.73     1.45     1.09      0.139      7.784     5.466
1024  32   128       4.29     2.98     3.22     1.33     0.92      0.139      7.784     6.620
2048  4    64       18.79    16.26    12.99     1.45     1.25      0.131      6.844     0.433
2048  4    256      19.93    16.26    11.80     1.69     1.38      0.131      6.844     0.659
2048  4    1024     19.11    16.26    10.81     1.77     1.50      0.131      6.844     1.026
2048  16   512      18.16    16.26    11.46     1.58     1.42      0.131      6.844     5.856
2048  32   128      18.46    16.26    13.28     1.39     1.22      0.131      6.844     6.784
4096  4    64       70.78    70.83    49.14     1.44     1.44      0.197      6.271     0.405
4096  4    256      71.80    70.83    49.85     1.44     1.42      0.197      6.271     0.693
4096  4    1024     71.32    70.83    46.17     1.54     1.53      0.197      6.271     1.063
4096  16   512      71.80    70.83    50.55     1.42     1.40      0.197      6.271     6.150
4096  32   128      69.62    70.83    55.97     1.24     1.27      0.197      6.271     6.647
8192  4    64      291.86   294.62   196.58     1.48     1.50      0.311      6.067     0.393
8192  4    256     265.95   294.62   194.64     1.37     1.51      0.311      6.067     0.650
8192  4    1024    250.28   294.62   182.76     1.37     1.61      0.311      6.067     1.014
8192  16   512     293.04   294.62   196.37     1.49     1.50      0.311      6.067     6.638
8192  32   128     282.34   294.62   237.15     1.19     1.24      0.311      6.067     7.858
--- K=5 ---
size  TH   TW    naive_ms reord_ms  tile_ms sp_naive sp_reord naive_MPKI reord_MPKI tile_MPKI
512   4    64        3.27     2.02     1.80     1.81     1.12      0.133      6.812     0.120
512   4    256       3.19     2.02     1.81     1.77     1.12      0.133      6.812     0.200
512   4    1024      3.14     2.02     1.70     1.85     1.19      0.133      6.812     0.183
512   16   512       3.20     2.02     1.88     1.70     1.07      0.133      6.812     5.562
512   32   128       3.21     2.02     2.16     1.49     0.94      0.133      6.812     5.938
1024  4    64       12.92     8.26     8.05     1.61     1.03      0.089      7.813     0.233
1024  4    256      13.09     8.26     7.47     1.75     1.11      0.089      7.813     0.282
1024  4    1024     13.13     8.26     6.84     1.92     1.21      0.089      7.813     0.285
1024  16   512      13.28     8.26     7.48     1.77     1.10      0.089      7.813     5.296
1024  32   128      13.29     8.26     8.86     1.50     0.93      0.089      7.813     6.439
2048  4    64       52.71    40.11    32.20     1.64     1.25      0.114      7.142     0.221
2048  4    256      45.17    40.11    31.52     1.43     1.27      0.114      7.142     0.323
2048  4    1024     53.36    40.11    29.77     1.79     1.35      0.114      7.142     0.529
2048  16   512      45.07    40.11    31.86     1.41     1.26      0.114      7.142     5.626
2048  32   128      53.25    40.11    37.51     1.42     1.07      0.114      7.142     6.204
4096  4    64      216.34   192.49   130.97     1.65     1.47      0.092      6.235     0.215
4096  4    256     220.75   192.49   125.07     1.76     1.54      0.092      6.235     0.314
4096  4    1024    214.39   192.49   114.94     1.87     1.67      0.092      6.235     0.464
4096  16   512     214.13   192.49   124.80     1.72     1.54      0.092      6.235     5.946
4096  32   128     215.79   192.49   146.59     1.47     1.31      0.092      6.235     6.666
8192  4    64      854.28   796.00   510.68     1.67     1.56      0.126      6.135     0.202
8192  4    256     827.05   796.00   501.75     1.65     1.59      0.126      6.135     0.293
8192  4    1024    856.25   796.00   466.08     1.84     1.71      0.126      6.135     0.454
8192  16   512     857.87   796.00   511.28     1.68     1.56      0.126      6.135     6.495
8192  32   128     857.41   796.00   635.73     1.35     1.25      0.126      6.135     7.764
